
fully_connected_bsz_50_sampl_50000_epochs_42_20211031-1800

Model: "fully_connected"
_________________________________________________________________
Layer (type)                 Output Shape              Param #   
=================================================================
dense_77 (Dense)             (None, 100)               10100     
_________________________________________________________________
dense_78 (Dense)             (None, 100)               10100     
_________________________________________________________________
dense_79 (Dense)             (None, 100)               10100     
=================================================================
Total params: 30,300
Trainable params: 30,300
Non-trainable params: 0
_________________________________________________________________

Episode 0 ended with 40 moves
Episode 100 ended with 56 moves
Episode 200 ended with 68 moves
Episode 300 ended with 59 moves
Episode 400 ended with 40 moves
Episode 500 ended with 56 moves
Episode 600 ended with 59 moves
Episode 700 ended with 65 moves
Episode 800 ended with 46 moves
Episode 900 ended with 87 moves
Avg moves for 1000 episodes = 60.256
Median moves for 1000 episodes = 59.0
Best game: 27 moves
Worst game: 99 moves
Amount of games: 1000
Amount of moves each round:
[40, 77, 60, 60, 58, 45, 58, 74, 50, 54, 59, 66, 87, 53, 58, 62, 44, 56, 72, 52, 68, 66, 51, 63, 80, 54, 72, 59, 68, 56, 62, 52, 75, 54, 64, 45, 60, 56, 77, 51, 59, 56, 60, 63, 48, 53, 54, 73, 54, 38, 57, 59, 55, 56, 74, 66, 45, 60, 37, 70, 38, 46, 97, 63, 42, 67, 60, 48, 44, 73, 65, 49, 64, 48, 49, 62, 38, 63, 58, 44, 39, 44, 54, 73, 73, 48, 68, 67, 81, 80, 89, 66, 60, 68, 75, 57, 61, 73, 44, 76, 56, 69, 51, 52, 56, 58, 54, 57, 55, 70, 58, 62, 58, 67, 47, 45, 49, 67, 63, 48, 44, 45, 47, 64, 62, 49, 55, 53, 72, 45, 64, 94, 99, 59, 48, 86, 60, 62, 69, 87, 59, 57, 58, 53, 48, 72, 39, 71, 39, 47, 50, 48, 51, 53, 77, 57, 59, 88, 43, 78, 49, 50, 68, 50, 66, 41, 68, 46, 64, 81, 45, 83, 51, 77, 37, 62, 64, 44, 55, 67, 72, 73, 60, 75, 60, 49, 55, 56, 58, 47, 47, 60, 47, 47, 58, 51, 76, 74, 77, 54, 68, 65, 37, 63, 76, 61, 53, 54, 53, 36, 56, 54, 58, 78, 42, 60, 51, 54, 60, 77, 54, 65, 47, 61, 54, 74, 80, 65, 58, 62, 37, 68, 48, 67, 45, 48, 65, 53, 53, 83, 53, 60, 78, 62, 55, 55, 55, 48, 52, 65, 61, 50, 57, 46, 57, 93, 61, 56, 49, 52, 49, 61, 77, 54, 50, 43, 47, 76, 69, 55, 39, 43, 62, 54, 61, 44, 96, 69, 35, 49, 62, 72, 63, 67, 54, 38, 57, 66, 47, 63, 46, 77, 70, 70, 54, 67, 52, 73, 39, 67, 59, 39, 58, 48, 49, 64, 42, 49, 67, 55, 43, 44, 78, 72, 51, 49, 53, 40, 76, 66, 71, 46, 32, 39, 49, 67, 59, 42, 54, 58, 53, 83, 47, 60, 49, 44, 49, 52, 76, 59, 72, 58, 63, 74, 68, 82, 53, 46, 46, 84, 54, 54, 63, 59, 63, 46, 69, 67, 73, 73, 65, 51, 73, 58, 49, 65, 56, 66, 71, 73, 69, 48, 53, 76, 68, 67, 43, 48, 51, 56, 88, 52, 50, 82, 76, 93, 70, 44, 68, 64, 57, 68, 39, 64, 70, 41, 64, 74, 46, 58, 40, 55, 58, 70, 62, 53, 81, 75, 72, 63, 64, 68, 76, 59, 58, 90, 61, 74, 71, 74, 67, 74, 58, 68, 66, 60, 77, 64, 64, 67, 44, 52, 56, 65, 59, 49, 58, 62, 47, 41, 59, 72, 70, 65, 59, 72, 36, 75, 67, 81, 58, 84, 57, 59, 99, 60, 58, 29, 47, 47, 59, 67, 46, 68, 57, 55, 70, 75, 77, 45, 45, 39, 63, 71, 62, 94, 47, 71, 55, 46, 70, 56, 65, 51, 56, 78, 72, 51, 64, 78, 64, 85, 55, 27, 49, 47, 51, 59, 74, 45, 56, 59, 48, 52, 52, 63, 68, 68, 61, 44, 53, 54, 65, 48, 62, 49, 48, 80, 82, 58, 63, 61, 66, 57, 61, 46, 42, 78, 62, 40, 57, 75, 67, 59, 49, 40, 54, 60, 63, 41, 83, 60, 60, 58, 54, 49, 60, 49, 53, 49, 46, 56, 57, 68, 79, 72, 58, 59, 79, 47, 76, 63, 69, 80, 51, 68, 78, 69, 51, 55, 57, 51, 76, 66, 57, 43, 52, 74, 43, 82, 71, 49, 53, 76, 70, 62, 68, 59, 52, 56, 68, 61, 37, 61, 55, 54, 54, 88, 56, 54, 59, 69, 62, 67, 45, 81, 60, 49, 70, 47, 61, 65, 64, 52, 68, 66, 80, 78, 92, 60, 78, 35, 49, 52, 48, 55, 59, 59, 66, 94, 68, 59, 55, 38, 54, 74, 54, 60, 57, 59, 64, 61, 66, 62, 51, 64, 59, 50, 37, 61, 54, 50, 76, 74, 54, 63, 68, 63, 44, 60, 69, 73, 60, 41, 63, 56, 89, 54, 62, 42, 65, 51, 60, 50, 60, 76, 47, 62, 56, 60, 72, 57, 83, 88, 67, 55, 44, 76, 54, 82, 91, 63, 83, 53, 39, 68, 64, 51, 56, 42, 65, 64, 55, 75, 68, 53, 44, 40, 66, 43, 55, 75, 71, 51, 70, 57, 85, 48, 90, 73, 54, 71, 58, 59, 53, 89, 77, 62, 58, 67, 31, 76, 66, 74, 46, 78, 61, 75, 69, 56, 80, 74, 64, 66, 70, 60, 70, 72, 68, 44, 72, 58, 63, 61, 66, 63, 47, 64, 63, 72, 70, 39, 64, 91, 78, 50, 42, 58, 76, 91, 37, 44, 57, 77, 69, 57, 58, 50, 79, 50, 46, 56, 71, 84, 69, 48, 63, 57, 59, 64, 71, 74, 45, 59, 64, 64, 56, 62, 38, 61, 46, 52, 80, 48, 41, 58, 84, 65, 61, 60, 51, 74, 90, 48, 68, 53, 47, 51, 72, 82, 67, 67, 62, 66, 55, 64, 38, 52, 58, 56, 35, 64, 47, 49, 50, 52, 87, 46, 38, 78, 63, 60, 57, 39, 67, 63, 64, 55, 47, 75, 52, 53, 86, 70, 95, 73, 62, 67, 66, 62, 46, 66, 39, 59, 61, 53, 95, 44, 70, 53, 50, 43, 44, 57, 37, 49, 69, 73, 61, 76, 53, 64, 83, 64, 59, 69, 61, 53, 61, 55, 89, 63, 63, 57, 68, 64, 52, 55, 53, 43, 87, 53, 56, 58, 63, 75, 47, 64, 58, 40, 78, 74, 78, 50, 61, 61, 45, 55, 58, 74, 79, 90, 57, 84, 50, 50, 78, 51, 47, 53, 55, 57, 48, 77, 79, 61, 40, 39, 77, 56, 47, 61, 46, 72, 60, 49, 75, 48, 56, 43, 62, 35, 54, 52, 53, 45, 71, 48, 59, 61, 50, 54, 66, 44, 50, 54, 67, 71, 87, 85, 44, 63, 76, 56, 62, 72, 68, 31, 67, 87, 72, 61, 68, 56, 47, 43, 55, 70, 58, 66, 64, 59, 39, 51, 64, 74, 54, 59, 90, 54]